1 0 0 	0.73
1 0 0 	0.82
0 1 0	0.91
1 0 0	0.81
1 0 0	0.62
1 0 0	0.42
1 0 0	0.334
1 0 0	0.521
1 0 0	0.42
1 0 0	0.56
1 0 0	0.58
1 0 0	0.495
1 0 0	0.49
1 0 0	0.52
1 0 0	0.575
1 0 0	0.61
1 0 0	0.555
1 0 0	0.515
1 0 0	0.58
1 0 0	0.62
1 0 0 	0.58
1 0 0 	0.575
1 0 0	0.555
1 0 0	0.655
0 0 0	0.685
0 0 1	0.7
1 0 0	0.67
1 0 0	0.545
1 0 0	0.555
1 0 0	0.4
1 0 0	0.5
1 0 0	0.495
1 0 0	0.49
1 0 0	0.52
1 0 0	0.55
1 0 0	0.61
0 0 1	0.71
1 0 0	0.63
1 0 0	0.58
1 0 0	0.5
1 0 0 	0.58
1 0 0 	0.44
1 0 0	0.43
1 0 0	0.54
1 0 0	0.61
1 0 0	0.63
0 0 0	0.71
0 0 1	0.72
1 0 0	0.64
1 0 0	0.52
1 0 0	0.58
1 0 0	0.495
1 0 0	0.49
1 0 0	0.51
1 0 0	0.51
1 0 0	0.61
1 0 0	0.555
1 0 0	0.515
1 0 0	0.58
1 0 0	0.465
1 0 0 	0.51
1 0 0 	0.575
1 0 0	0.67
1 0 0	0.67
0 0 1	0.685
1 0 0	0.62
1 0 0	0.58
1 0 0	0.545
1 0 0	0.555
1 0 0	0.54
1 0 0	0.58
1 0 0	0.495
1 0 0	0.49
1 0 0	0.52
1 0 0	0.575
1 0 0	0.61
1 0 0	0.555
1 0 0	0.515
1 0 0	0.58
1 0 0	0.62
1 0 0 	0.71
1 0 0 	0.74
0 1 0	0.81
1 0 0	0.75
1 0 0	0.685
1 0 0	0.64
1 0 0	0.58
1 0 0	0.545
1 0 0	0.555
1 0 0	0.56
1 0 0	0.58
1 0 0	0.495
1 0 0	0.44
1 0 0	0.5
1 0 0	0.515
1 0 0	0.52
1 0 0	0.555
1 0 0	0.515
1 0 0	0.58
1 0 0	0.62
0 0 1 	0.69
1 0 0 	0.645
1 0 0	0.615
1 0 0	0.587
1 0 0	0.57
1 0 0	0.575
1 0 0	0.58
1 0 0	0.545
1 0 0	0.555
1 0 0	0.56
1 0 0	0.58
1 0 0	0.495
1 0 0	0.49
1 0 0	0.52
1 0 0	0.575
1 0 0	0.61
1 0 0	0.555
1 0 0	0.515
1 0 0	0.58
1 0 0	0.62
1 0 0 	0.63
1 0 0 	0.65
1 0 0	0.701
1 0 0	0.72
0 0 1	0.76
1 0 0	0.73
1 0 0	0.69
1 0 0	0.64
1 0 0	0.59
1 0 0	0.56
1 0 0	0.52
1 0 0	0.495
1 0 0	0.51
1 0 0	0.52
1 0 0	0.525
1 0 0	0.53
1 0 0	0.555
1 0 0	0.515
1 0 0	0.58
1 0 0	0.62
1 0 0 	0.69
0 1 0 	0.8
1 0 0	0.7
1 0 0	0.655
1 0 0	0.685
1 0 0	0.575
1 0 0	0.58
1 0 0	0.545
1 0 0	0.555
1 0 0	0.56
1 0 0	0.58
1 0 0	0.5
1 0 0	0.5
1 0 0	0.52
1 0 0	0.575
1 0 0	0.61
1 0 0	0.555
1 0 0	0.515
1 0 0	0.58
1 0 0	0.62
1 0 0 	0.58
1 0 0 	0.575
1 0 0	0.555
1 0 0	0.615
1 0 0	0.625
1 0 0	0.575
1 0 0	0.58
1 0 0	0.545
1 0 0	0.555
1 0 0	0.56
1 0 0	0.6
1 0 0	0.7
1 0 0	0.75
0 1 0	0.8
1 0 0	0.76
1 0 0	0.69
1 0 0	0.65
1 0 0	0.595
1 0 0	0.58
1 0 0	0.51
1 0 0 	0.52
1 0 0 	0.535
1 0 0	0.555
1 0 0	0.655
1 0 0	0.685
0 0 1	0.73
1 0 0	0.7
1 0 0	0.64
1 0 0	0.61
1 0 0	0.58
1 0 0	0.54
1 0 0	0.53
1 0 0	0.53
1 0 0	0.52
1 0 0	0.57
1 0 0	0.61
1 0 0	0.555
1 0 0	0.515
1 0 0	0.58
1 0 0	0.62